1834 2206 3669 3690 4974 :1064:319 269 238 119 119 
495 2152 3228 5052 6168 6170 6263 6266 8356 9421 :1663:125 399 150 477 44 44 65 65 199 95 
8760 9735 :1078:249 829 
9027 9028 :738:369 369 
1984 :399:399 
2214 :269:269 
3301 5727 :1017:878 139 
5644 :109:109 
8138 8170 :338:169 169 
8360 9423 :295:200 95 
1769 1776 :238:89 149 
8326 :354:354 
1225 3276 4714 4715 5827 :1882:339 59 109 238 1137 
5682 :139:139 
3880 5666 :238:99 139 
851 5666 :438:299 139 
1777 :99:99 
1769 5650 :218:89 129 
5650 :129:129 
8275 :198:198 
5644 :109:109 
632 2172 2173 2292 2293 :2275:399 649 649 289 289 
7961 :799:799 
3743 :179:179 
5648 :109:109 
6540 :499:499 
7113 9273 :598:499 99 
817 :899:899 
3195 7383 7558 7571 :867:150 239 239 239 
1439 1781 2261 4374 4375 7289 7532 :2989:669 627 489 249 249 199 507 
3567 4717 :787:340 447 
5664 :109:109 
2292 2293 :578:289 289 
2588 :159:159 
1852 4082 4136 4295 5049 5666 7304 7310 7317 8643 :1640:199 198 55 129 259 139 179 149 238 95 
5711 7263 9106 9440 :991:109 189 598 95 
1472 1847 4400 9427 :802:269 319 189 25 
2018 2236 2239 2242 3673 3818 5127 :4578:329 1947 649 649 149 396 459 
1932 3057 3563 3669 3688 4875 8049 :1917:198 236 170 238 238 199 638 
510 527 9239 :1147:329 369 449 
9421 :95:95 
7977 :479:479 
5666 5667 9237 :976:139 139 698 
3201 3564 :517:299 218 
5666 :139:139 
421 2227 2429 7305 7327 :851:65 269 139 179 199 
2023 :329:329 
2112 :349:349 
3756 :178:178 
1787 2304 2608 2959 3224 3657 4293 6192 6443 6444 6447 6468 6474 6508 7416 7465 7478 :4900:189 289 159 199 50 258 159 169 478 239 598 758 329 349 239 199 239 
4240 8378 8393 8429 8432 :7099:229 2999 2999 218 654 
5650 :387:387 
6015 :159:159 
